4460.0 0.9919054
4460.1 0.9916669
4460.2 0.9914263
4460.3 0.9911838
4460.4 0.9909388
4460.5 0.9906898
4460.6 0.9904285
4460.7 0.9901362
4460.8 0.9898364
4460.9 0.9895389
4461.0 0.9892418
4461.1 0.9889427
4461.2 0.9886399
4461.3 0.9883318
4461.4 0.9880182
4461.5 0.9876986
4461.6 0.9873699
4461.7 0.9870274
4461.8 0.9866611
4461.9 0.9862688
4462.0 0.9858535
4462.1 0.9854169
4462.2 0.9849796
4462.3 0.9845428
4462.4 0.9840979
4462.5 0.9836302
4462.6 0.9831485
4462.7 0.9826551
4462.8 0.9821483
4462.9 0.9816273
4463.0 0.9810888
4463.1 0.980531
4463.2 0.9799519
4463.3 0.9793488
4463.4 0.9787194
4463.5 0.9780569
4463.6 0.977364
4463.7 0.9766429
4463.8 0.9758935
4463.9 0.9751124
4464.0 0.9742951
4464.1 0.9734364
4464.2 0.9725322
4464.3 0.9715788
4464.4 0.9705723
4464.5 0.9695082
4464.6 0.9683808
4464.7 0.9671851
4464.8 0.9659153
4464.9 0.964565
4465.0 0.9631261
4465.1 0.9615902
4465.2 0.9599458
4465.3 0.9581691
4465.4 0.9562037
4465.5 0.9540068
4465.6 0.9515903
4465.7 0.9490175
4465.8 0.9463459
4465.9 0.9436179
4466.0 0.9408719
4466.1 0.9381292
4466.2 0.9353966
4466.3 0.9326775
4466.4 0.9299755
4466.5 0.9272953
4466.6 0.9246405
4466.7 0.9220144
4466.8 0.9194222
4466.9 0.916867
4467.0 0.9143503
4467.1 0.9118751
4467.2 0.9094439
4467.3 0.9070584
4467.4 0.9047202
4467.5 0.9024312
4467.6 0.9001928
4467.7 0.8980059
4467.8 0.8958699
4467.9 0.8937875
4468.0 0.8917599
4468.1 0.8897877
4468.2 0.887872
4468.3 0.8860127
4468.4 0.8842112
4468.5 0.8824676
4468.6 0.8807829
4468.7 0.8791568
4468.8 0.8775902
4468.9 0.8760833
4469.0 0.8746375
4469.1 0.8732533
4469.2 0.8719313
4469.3 0.8706709
4469.4 0.8694757
4469.5 0.8683519
4469.6 0.8672908
4469.7 0.8662419
4469.8 0.8652508
4469.9 0.8643208
4470.0 0.8634521
4470.1 0.8626447
4470.2 0.8619001
4470.3 0.8612175
4470.4 0.8605974
4470.5 0.8600392
4470.6 0.8595434
4470.7 0.859111
4470.8 0.8587416
4470.9 0.8584365
4471.0 0.8581951
4471.1 0.8580182
4471.2 0.8579091
4471.3 0.8578714
4471.4 0.857904
4471.5 0.8579713
4471.6 0.8580607
4471.7 0.8582035
4471.8 0.8583992
4471.9 0.8586577
4472.0 0.8589803
4472.1 0.8593655
4472.2 0.8598135
4472.3 0.8603253
4472.4 0.860903
4472.5 0.8615481
4472.6 0.8622522
4472.7 0.8629877
4472.8 0.8637744
4472.9 0.864621
4473.0 0.8655292
4473.1 0.866499
4473.2 0.8675296
4473.3 0.8686213
4473.4 0.8697756
4473.5 0.8709938
4473.6 0.8722756
4473.7 0.8736174
4473.8 0.8750027
4473.9 0.876374
4474.0 0.8776289
4474.1 0.8788123
4474.2 0.880105
4474.3 0.8814952
4474.4 0.882965
4474.5 0.884506
4474.6 0.8861129
4474.7 0.8877845
4474.8 0.8895158
4474.9 0.8913055
4475.0 0.8931468
4475.1 0.8949009
4475.2 0.896399
4475.3 0.8977725
4475.4 0.8990099
4475.5 0.9002257
4475.6 0.9016413
4475.7 0.9031909
4475.8 0.9048423
4475.9 0.9065711
4476.0 0.9083778
4476.1 0.9102548
4476.2 0.9121952
4476.3 0.9141932
4476.4 0.9162434
4476.5 0.918342
4476.6 0.9204825
4476.7 0.9226596
4476.8 0.9248673
4476.9 0.9270999
4477.0 0.9293524
4477.1 0.9316202
4477.2 0.9339004
4477.3 0.9361831
4477.4 0.9384029
4477.5 0.9404553
4477.6 0.9423028
4477.7 0.943955
4477.8 0.9454306
4477.9 0.946749
4478.0 0.9479485
4478.1 0.9490555
4478.2 0.9500823
4478.3 0.9510371
4478.4 0.9519259
4478.5 0.9527545
4478.6 0.9535287
4478.7 0.9542528
4478.8 0.9549322
4478.9 0.9555717
4479.0 0.9561781
4479.1 0.9567538
4479.2 0.9573015
4479.3 0.9578239
4479.4 0.958323
4479.5 0.9588011
4479.6 0.959259
4479.7 0.9596977
4479.8 0.960121
4479.9 0.9605314
4480.0 0.9609303
